%YAML:1.0
---
F: !!opencv-matrix
   rows: 3
   cols: 3
   dt: d
   data: [ 1.4142055480888289e+03, 0., 6.5792667877101735e+02, 0.,
       1.4137212634286254e+03, 4.0455967287503142e+02, 0., 0., 1. ]
C: !!opencv-matrix
   rows: 1
   cols: 5
   dt: d
   data: [ -1.5713532786218060e-01, 3.3883933349759310e-01,
       7.0103028435554145e-04, -2.9035486504482461e-04,
       -4.2372708010388316e-01 ]
       