%YAML:1.0
---
Position: !!opencv-matrix
   rows: 3
   cols: 1
   dt: d
   data: [ 0.035400013611575798, 0.3406917161405959, -1.4613910561412529 ]
