{
    "CameraMatrix": {
        "type_id": "opencv-matrix",
        "rows": 3,
        "cols": 3,
        "dt": "d",
        "data": [ 913.21188345444727, 0.0, 643.41615315106264, 0.0,
            766.32663570433488, 364.56045373177477, 0.0, 0.0, 1.0 ]
    },
    "DistCoeffs": {
        "type_id": "opencv-matrix",
        "rows": 1,
        "cols": 5,
        "dt": "d",
        "data": [ -0.42543888519427264, 0.25099523851635114,
            -0.0006386015565213631, -0.00064502811261870155,
            -0.076620548227007562 ]
    }
}
