%YAML:1.0
---
Camera_Matrix: !!opencv-matrix
   rows: 3
   cols: 3
   dt: d
   data: [ 913.17483597974092, 0., 642.62335501026291, 0.,
       766.04930792375592, 365.05921452529509, 0., 0., 1. ]
Distortion_Coefficients: !!opencv-matrix
   rows: 1
   cols: 5
   dt: d
   data: [ -0.43364730567933507, 0.2954314092579674,
       -0.00048534163798083898, -0.00025419539113405611,
       -0.13832931477522678 ]
Rotation_Vectors:
   - !!opencv-matrix
      rows: 3
      cols: 1
      dt: d
      data: [ -0.086346146534882692, -0.39883359132592983,
          0.026380835515151486 ]
   - !!opencv-matrix
      rows: 3
      cols: 1
      dt: d
      data: [ -0.05773305839932806, -0.051383183952065176,
          0.058632506498996942 ]
   - !!opencv-matrix
      rows: 3
      cols: 1
      dt: d
      data: [ 0.081420589407023986, -0.45709628737578645,
          0.073349238704093461 ]
   - !!opencv-matrix
      rows: 3
      cols: 1
      dt: d
      data: [ -0.26650820644902207, -0.41227566584270098,
          0.12337234349619842 ]
   - !!opencv-matrix
      rows: 3
      cols: 1
      dt: d
      data: [ -0.34163118302043655, -0.090197792119251829,
          0.13282825694488815 ]
   - !!opencv-matrix
      rows: 3
      cols: 1
      dt: d
      data: [ -0.31766412306836178, 0.17791705800167715,
          0.089950419405953844 ]
   - !!opencv-matrix
      rows: 3
      cols: 1
      dt: d
      data: [ -0.28086312511637201, 0.56463128501950888,
          0.098402715478210764 ]
   - !!opencv-matrix
      rows: 3
      cols: 1
      dt: d
      data: [ -0.33549467009346146, 0.49052275684211954,
          0.14579447334303453 ]
   - !!opencv-matrix
      rows: 3
      cols: 1
      dt: d
      data: [ -0.37330732856636079, -0.11584553036822606,
          0.073946077575766697 ]
   - !!opencv-matrix
      rows: 3
      cols: 1
      dt: d
      data: [ -0.31551317675150803, -0.4464823308354427,
          0.074042982048954806 ]
   - !!opencv-matrix
      rows: 3
      cols: 1
      dt: d
      data: [ -0.24511204192094485, -0.59003762859754605,
          0.046391024584503116 ]
   - !!opencv-matrix
      rows: 3
      cols: 1
      dt: d
      data: [ 0.57801337324520141, -0.2351662595965251,
          0.21512934782547727 ]
   - !!opencv-matrix
      rows: 3
      cols: 1
      dt: d
      data: [ -0.038404000558420116, 0.12634437790224121,
          0.048948099061826282 ]
   - !!opencv-matrix
      rows: 3
      cols: 1
      dt: d
      data: [ 0.5857562817505475, -0.0068268857755783572,
          0.068468231579911179 ]
   - !!opencv-matrix
      rows: 3
      cols: 1
      dt: d
      data: [ 0.58384698772961985, 0.41531679418374606,
          -0.050071891005220102 ]
   - !!opencv-matrix
      rows: 3
      cols: 1
      dt: d
      data: [ 0.067194323620842489, 0.32758355063232486,
          0.020230181626669123 ]
   - !!opencv-matrix
      rows: 3
      cols: 1
      dt: d
      data: [ -0.05660070167905349, 0.22082495343622888,
          0.051180677534898036 ]
   - !!opencv-matrix
      rows: 3
      cols: 1
      dt: d
      data: [ -0.13785354914401859, -0.11585725192784142,
          0.044361170112113643 ]
   - !!opencv-matrix
      rows: 3
      cols: 1
      dt: d
      data: [ -0.11971043386253219, -0.37533046605655063,
          0.066590730270779663 ]
   - !!opencv-matrix
      rows: 3
      cols: 1
      dt: d
      data: [ -0.4075648873986143, -0.4005703909300079,
          0.1569610879037027 ]
   - !!opencv-matrix
      rows: 3
      cols: 1
      dt: d
      data: [ -0.45987312801539765, -0.094073801720251107,
          0.21159895729899716 ]
   - !!opencv-matrix
      rows: 3
      cols: 1
      dt: d
      data: [ -0.37443853887440443, 0.51162215734019356,
          -0.018739287368713251 ]
   - !!opencv-matrix
      rows: 3
      cols: 1
      dt: d
      data: [ -0.21426144820985651, 0.61412545008884178,
          -0.065595974927609282 ]
   - !!opencv-matrix
      rows: 3
      cols: 1
      dt: d
      data: [ 0.012234099504536225, 0.58381869918418072,
          0.026062618247022766 ]
   - !!opencv-matrix
      rows: 3
      cols: 1
      dt: d
      data: [ 0.095223292506213586, 0.56907484787668328,
          -0.060705801961804355 ]
   - !!opencv-matrix
      rows: 3
      cols: 1
      dt: d
      data: [ 0.41015158776969279, 0.44194428084617488,
          0.011997277371023731 ]
   - !!opencv-matrix
      rows: 3
      cols: 1
      dt: d
      data: [ 0.26496956930196686, -0.091556330666390295,
          0.025962314784538098 ]
   - !!opencv-matrix
      rows: 3
      cols: 1
      dt: d
      data: [ 0.24822898355473699, -0.40174055676104808,
          0.012076409554440712 ]
   - !!opencv-matrix
      rows: 3
      cols: 1
      dt: d
      data: [ -0.13647370895135363, -0.52180982816693966,
          0.12991589928160346 ]
   - !!opencv-matrix
      rows: 3
      cols: 1
      dt: d
      data: [ -0.36167314051824317, -0.17258089079910174,
          0.069941741729121237 ]
   - !!opencv-matrix
      rows: 3
      cols: 1
      dt: d
      data: [ -0.33112040003821452, 0.0090024375604487901,
          0.068608990074270806 ]
   - !!opencv-matrix
      rows: 3
      cols: 1
      dt: d
      data: [ -0.16442431906352484, 0.5264415592969055,
          -0.042852068060693457 ]
   - !!opencv-matrix
      rows: 3
      cols: 1
      dt: d
      data: [ -0.10510091141416929, 0.50562530859763499,
          -0.027952411642437263 ]
   - !!opencv-matrix
      rows: 3
      cols: 1
      dt: d
      data: [ 0.10941221000418612, -0.055543861224097532,
          0.0074328801055628295 ]
   - !!opencv-matrix
      rows: 3
      cols: 1
      dt: d
      data: [ 0.090921105640858965, 0.69075923534016637,
          0.046291774101309392 ]
   - !!opencv-matrix
      rows: 3
      cols: 1
      dt: d
      data: [ 0.052294470638559458, -0.11140120908226808,
          -0.001302967731244709 ]
   - !!opencv-matrix
      rows: 3
      cols: 1
      dt: d
      data: [ 0.40294245020975694, 0.41450334902738101,
          -0.0068681427291575952 ]
   - !!opencv-matrix
      rows: 3
      cols: 1
      dt: d
      data: [ 0.4578021286227128, 0.16646430063246676,
          0.0051504760254920531 ]
   - !!opencv-matrix
      rows: 3
      cols: 1
      dt: d
      data: [ 0.55578908235493407, 0.017715068424484788,
          -0.036923429101694182 ]
   - !!opencv-matrix
      rows: 3
      cols: 1
      dt: d
      data: [ 0.57451903092663359, -0.22427740089205137,
          -0.0052466144096957089 ]
   - !!opencv-matrix
      rows: 3
      cols: 1
      dt: d
      data: [ 0.52280514246471277, -0.45628070240144847,
          0.13287342265847499 ]
